13034
13036
13038
13039
13042
13043
13207
13256
13257
13262
13272
13289
13303
13320
13335
13353
13477
13478
13556
13580
13593
13618
13788
13837
13862
13868
13988
13991
14041
14175
14225
14228
14360
14441
14483
14531
14542
14624
14635
14644
14658
14670
14685
14713
14752
14796
14847
14864
14893
14917
14955
14971
14988
15033
15149
15183
15194
15213
15221
15270
15279
15301
15304
15323
15331
15348
15403
15431
15480
15523
15531
15581
15596
15625
15649
15695
15783
15791
15804
15853
15886
15910
15950
15979
16017
16083
16111
16128
16131
16135
16147
16186
16221
16239
16248
16338
16361
16371
16406
16436
16448
16494
16511
16535
16552
16587
16594
16675
16707
16766
16777
16811
16822
13035
13037
13040
13041
13044
13045
13165
13258
13265
13285
13290
13378
13411
13414
13469
13554
13581
13616
13619
13620
13778
13787
13789
13866
13869
13905
13982
13989
13990
14044
14047
14097
14226
14275
14581
14625
14699
14729
14781
14809
14823
14835
14894
14909
14922
14968
15041
15051
15063
15081
15103
15151
15169
15193
15232
15303
15409
15418
15464
15493
15513
15530
15565
15576
15591
15608
15674
15685
15755
15770
15817
15976
16029
16074
16125
16130
16136
16290
16300
16416
16449
16568
16586
16756
16793
16802
16832
16837
16861
16879
13617
13786
13846
14096
14215
14267
14368
14492
14511
14561
14600
14668
14714
14740
14792
14849
14863
14882
14936
14970
15008
15022
15035
15146
15150
15186
15214
15226
15244
15291
15300
15310
15311
15314
15334
15360
15380
15395
15456
15479
15494
15500
15529
15535
15545
15553
15590
15620
15627
15648
15691
15702
15712
15761
15870
15887
15911
15964
16007
16089
16126
16129
16134
16148
16397
16426
16447
16466
16525
16588
16592
16595
16604
16676
16698
16717
16728
16734
16887
16896
16906
13555
13867
14541
14637
14918
14977
15095
15125
15202
15212
15261
15369
15407
15597
15631
15645
15670
15832
15909
16030
16060
16132
16133
16339
16445
16455
16476
16577
16590
16746
16913
16927
16933
16939
16950
13260
13987
14387
14440
14769
14947
15173
15580
15978
16090
16169
16289
16382
16914
16956
16964
14462
16183
16247
16989
16997
17009
17019
15335
16972
17027
17033
17041
17048
17057
15302
16208
17083
17090
15349
17091
17111
17145
17151
17161
17174
17077
17117
17124
17132
17228
17240
17250
17263
16981
17182
17195
17274
17297
17305
17319
17059
17201
17334
17367
14227
17189
17200
17340
17353
17381
17394
17420
17429
17441
17454
17466
17489
17499
17476
17514
17523
17530
17539
17548
17553
17559
17575
17582
17589